3.785838999999999999e+01
3.785840000000000316e+01
3.785837999999999681e+01
3.785831999999999908e+01
3.785764000000000351e+01
3.785607000000000255e+01
3.785466000000000264e+01
3.785408000000000328e+01
3.785396999999999679e+01
3.785396999999999679e+01
3.785374999999999801e+01
3.785343000000000302e+01
3.785327999999999804e+01
3.785305000000000319e+01
3.785298999999999836e+01
3.785305999999999926e+01
3.785323999999999955e+01
3.785320000000000107e+01
3.785320000000000107e+01
3.785323000000000349e+01
3.785332999999999970e+01
3.785336999999999819e+01
3.785323999999999955e+01
3.785304000000000002e+01
3.785298000000000229e+01
3.785305000000000319e+01
3.785305999999999926e+01
3.785287999999999897e+01
3.785276999999999958e+01
3.785278999999999883e+01
3.785298000000000229e+01
3.785340999999999667e+01
3.785361999999999938e+01
3.785385000000000133e+01
3.785401999999999845e+01
3.785421000000000191e+01
3.785443999999999676e+01
3.785450999999999766e+01
3.785481999999999658e+01
3.785497999999999763e+01
3.785519000000000034e+01
3.785535000000000139e+01
3.785549999999999926e+01
3.785622000000000043e+01
3.785638000000000147e+01
3.785734999999999673e+01
3.785934999999999917e+01
3.786187000000000324e+01
3.786205999999999960e+01
3.786214999999999975e+01
3.786223999999999990e+01
3.786227999999999838e+01
3.786229000000000156e+01
3.786222999999999672e+01
3.786220999999999748e+01
3.786220999999999748e+01
3.786223999999999990e+01
3.786251000000000033e+01
3.786261999999999972e+01
3.786278999999999684e+01
3.786287999999999698e+01
3.786298000000000030e+01
3.786357000000000284e+01
3.786363000000000056e+01
3.786401000000000039e+01
3.786417000000000144e+01
3.786464000000000141e+01
3.786496999999999957e+01
3.786527000000000243e+01
3.786543000000000347e+01
3.786551000000000045e+01
3.786601999999999890e+01
3.786625000000000085e+01
3.786632000000000176e+01
3.786655999999999977e+01
3.786679999999999779e+01
3.786724000000000245e+01
3.786731999999999942e+01
3.786757999999999669e+01
3.786775999999999698e+01
3.786793000000000120e+01
3.786813999999999680e+01
3.786872999999999934e+01
3.786930000000000263e+01
3.786934999999999718e+01
3.786941000000000201e+01
3.786954999999999671e+01
3.786966999999999928e+01
3.786979999999999791e+01
3.786995999999999896e+01
3.787008000000000152e+01
3.787080999999999875e+01
3.787342999999999904e+01
3.787451000000000079e+01
3.787463000000000335e+01
3.787474000000000274e+01
3.787485000000000213e+01
3.787496000000000151e+01
3.787503999999999849e+01
3.787512000000000256e+01
3.787519000000000347e+01
3.787527000000000044e+01
3.787537999999999982e+01
3.787548999999999921e+01
3.787606000000000250e+01
3.787747000000000241e+01
3.787778000000000134e+01
3.787810000000000343e+01
3.787814000000000192e+01
3.787848000000000326e+01
3.787856000000000023e+01
3.787863999999999720e+01
3.787872000000000128e+01
3.787881000000000142e+01
3.787890999999999764e+01
3.787901999999999703e+01
3.787913999999999959e+01
3.787926999999999822e+01
3.787935999999999837e+01
3.787946999999999775e+01
3.787955999999999790e+01
3.787966999999999729e+01
3.787971000000000288e+01
3.787980000000000302e+01
3.787991000000000241e+01
3.788000000000000256e+01
3.788009000000000270e+01
3.788018000000000285e+01
3.788025999999999982e+01
3.788045000000000329e+01
3.788096000000000174e+01
3.788125000000000142e+01
3.788139999999999930e+01
3.788152999999999793e+01
3.788165000000000049e+01
3.788172999999999746e+01
3.788181000000000154e+01
3.788186999999999927e+01
3.788195000000000334e+01
3.788204000000000349e+01
3.788213999999999970e+01
3.788222999999999985e+01
3.788237000000000165e+01
3.788248999999999711e+01
3.788264000000000209e+01
3.788306999999999647e+01
3.788351999999999720e+01
3.788389999999999702e+01
3.788432999999999851e+01
3.788454999999999728e+01
3.788477999999999923e+01
3.788495000000000346e+01
3.788510000000000133e+01
3.788524000000000314e+01
3.788528999999999769e+01
3.788533999999999935e+01
3.788539999999999708e+01
3.788544999999999874e+01
3.788550999999999647e+01
3.788555000000000206e+01
3.788559000000000054e+01
3.788604999999999734e+01
3.788667999999999836e+01
3.788747000000000043e+01
3.788810999999999751e+01
3.788830000000000098e+01
3.788846000000000203e+01
3.788860999999999990e+01
3.788915999999999684e+01
3.788926000000000016e+01
3.788936999999999955e+01
3.788938999999999879e+01
3.788940999999999804e+01
3.788942999999999728e+01
3.788945999999999970e+01
3.788949000000000211e+01
3.788951999999999742e+01
3.788953999999999667e+01
3.788954999999999984e+01
3.788963999999999999e+01
3.788976000000000255e+01
3.788987000000000194e+01
3.789003999999999905e+01
3.789012000000000313e+01
3.789016999999999769e+01
3.789077000000000339e+01
3.789088000000000278e+01
3.789099999999999824e+01
3.789108000000000231e+01
3.789115999999999929e+01
3.789130000000000109e+01
3.789141000000000048e+01
3.789153000000000304e+01
3.789197000000000060e+01
3.789207999999999998e+01
3.789218999999999937e+01
3.789242000000000132e+01
3.789254999999999995e+01
3.789303000000000310e+01
3.789314000000000249e+01
3.789370999999999867e+01
3.789381999999999806e+01
3.789397999999999911e+01
3.789412999999999698e+01
3.789415000000000333e+01
3.789414000000000016e+01
3.789448999999999756e+01
3.789462000000000330e+01
3.789502000000000237e+01
3.789497000000000071e+01
3.789497000000000071e+01
3.789500999999999920e+01
3.789529999999999887e+01
3.789558000000000249e+01
3.789569000000000187e+01
3.789580999999999733e+01
3.789589999999999748e+01
3.789592999999999989e+01
3.789598999999999762e+01
3.789605999999999852e+01
3.789614999999999867e+01
3.789623999999999882e+01
3.789634000000000214e+01
3.789643000000000228e+01
3.789641000000000304e+01
3.789641000000000304e+01
3.789643000000000228e+01
3.789645999999999759e+01
3.789652000000000243e+01
3.789659999999999940e+01
3.789663999999999788e+01
3.789670999999999879e+01
3.789681999999999817e+01
3.789697999999999922e+01
3.789715000000000344e+01
3.789728999999999814e+01
3.789741999999999678e+01
3.789755999999999858e+01
3.789764000000000266e+01
3.789775000000000205e+01
3.789786000000000143e+01
3.789797000000000082e+01
3.789806999999999704e+01
3.789813000000000187e+01
3.789818999999999960e+01
3.789833999999999747e+01
3.789844999999999686e+01
3.789860000000000184e+01
3.789865999999999957e+01
3.789871999999999730e+01
3.789878999999999820e+01
3.789883999999999986e+01
3.789887999999999835e+01
3.789887999999999835e+01
3.789889000000000152e+01
3.789891999999999683e+01
3.789896999999999849e+01
3.789900999999999698e+01
3.789909999999999712e+01
3.789914000000000271e+01
3.789918000000000120e+01
3.789923000000000286e+01
3.789927000000000135e+01
3.789932999999999907e+01
3.789941000000000315e+01
3.790006000000000341e+01
3.790014000000000038e+01
3.790021000000000129e+01
3.790028000000000219e+01
3.790033999999999992e+01
3.790039000000000158e+01
3.790043000000000006e+01
3.790048000000000172e+01
3.790050999999999704e+01
3.790053999999999945e+01
3.790057999999999794e+01
3.790064999999999884e+01
3.790073999999999899e+01
3.790084000000000231e+01
3.790118999999999971e+01
3.790126999999999668e+01
3.790153999999999712e+01
3.790173999999999666e+01
3.790196000000000254e+01
3.790234999999999843e+01
3.790247999999999706e+01
3.790263999999999811e+01
3.790270999999999901e+01
3.790281000000000233e+01
3.790292000000000172e+01
3.790301999999999794e+01
3.790312999999999732e+01
3.790344999999999942e+01
3.790353999999999957e+01
3.790364000000000289e+01
3.790373999999999910e+01
3.790386000000000166e+01
3.790399000000000029e+01
3.790413000000000210e+01
3.790426999999999680e+01
3.790442000000000178e+01
3.790458999999999889e+01
3.790478999999999843e+01
3.790496000000000265e+01
3.790511000000000053e+01
3.790527999999999764e+01
3.790545000000000186e+01
3.790563000000000216e+01
3.790583999999999776e+01
3.790623999999999683e+01
3.790664999999999907e+01
3.790688000000000102e+01
3.790713000000000221e+01
3.790729999999999933e+01
3.790744000000000113e+01
3.790760999999999825e+01
3.790776999999999930e+01
3.790820999999999685e+01
3.790919000000000239e+01
3.790953999999999979e+01
3.790979000000000099e+01
3.791004000000000218e+01
3.791033000000000186e+01
3.791046999999999656e+01
3.791060999999999837e+01
3.791071999999999775e+01
3.791084000000000032e+01
3.791096000000000288e+01
3.791107000000000227e+01
3.791116999999999848e+01
3.791125999999999863e+01
3.791134000000000270e+01
3.791145000000000209e+01
3.791154000000000224e+01
3.791161999999999921e+01
3.791169000000000011e+01
3.791178000000000026e+01
3.791188999999999965e+01
3.791201000000000221e+01
3.791216000000000008e+01
3.791239999999999810e+01
3.791293000000000291e+01
3.791331999999999880e+01
3.791344000000000136e+01
3.791355000000000075e+01
3.791360999999999848e+01
3.791364999999999696e+01
3.791367999999999938e+01
3.791369999999999862e+01
3.791371000000000180e+01
3.791371000000000180e+01
3.791371000000000180e+01
3.791371999999999787e+01
3.791373999999999711e+01
3.791378000000000270e+01
3.791382000000000119e+01
3.791387999999999892e+01
3.791394999999999982e+01
3.791402000000000072e+01
3.791420000000000101e+01
3.791434999999999889e+01
3.791449000000000069e+01
3.791463999999999857e+01
3.791483000000000203e+01
3.791537000000000290e+01
3.791637999999999664e+01
3.791655000000000086e+01
3.791673999999999722e+01
3.791687000000000296e+01
3.791698999999999842e+01
3.791711999999999705e+01
3.791725999999999885e+01
3.791754000000000246e+01
3.791799000000000319e+01
3.791837999999999909e+01
3.791875999999999891e+01
3.791893000000000313e+01
3.791904000000000252e+01
3.791915999999999798e+01
3.791928000000000054e+01
3.791937000000000069e+01
3.791946000000000083e+01
3.791955999999999705e+01
3.791966000000000037e+01
3.791975000000000051e+01
3.791982999999999748e+01
3.791989999999999839e+01
3.791996000000000322e+01
3.792000999999999777e+01
3.792004000000000019e+01
3.792007000000000261e+01
3.792009000000000185e+01
3.792009999999999792e+01
3.792011999999999716e+01
3.792014999999999958e+01
3.792018000000000200e+01
3.792022999999999655e+01
3.792029000000000138e+01
3.792045999999999850e+01
3.792063000000000272e+01
3.792070999999999970e+01
3.792079999999999984e+01
3.792088999999999999e+01
3.792096000000000089e+01
3.792108999999999952e+01
3.792137999999999920e+01
3.792164999999999964e+01
3.792179999999999751e+01
3.792190999999999690e+01
3.792199999999999704e+01
3.792206999999999795e+01
3.792211999999999961e+01
3.792217000000000127e+01
3.792224000000000217e+01
3.792228999999999672e+01
3.792231999999999914e+01
3.792235999999999763e+01
3.792239000000000004e+01
3.792244000000000170e+01
3.792249000000000336e+01
3.792255999999999716e+01
3.792262000000000199e+01
3.792271000000000214e+01
3.792284999999999684e+01
3.792292700000000139e+01
