-4.409900000000000375e+00
-4.410040000000000404e+00
-4.410169999999999924e+00
-4.410379999999999967e+00
-4.410510000000000375e+00
-4.410639999999999894e+00
-4.410800000000000054e+00
-4.410820000000000185e+00
-4.410599999999999632e+00
-4.410339999999999705e+00
-4.409670000000000201e+00
-4.408750000000000391e+00
-4.408470000000000333e+00
-4.408210000000000406e+00
-4.408100000000000129e+00
-4.407180000000000319e+00
-4.405540000000000234e+00
-4.405389999999999695e+00
-4.405100000000000016e+00
-4.404799999999999827e+00
-4.404499999999999638e+00
-4.404300000000000104e+00
-4.404020000000000046e+00
-4.403710000000000235e+00
-4.403539999999999566e+00
-4.403059999999999974e+00
-4.402540000000000120e+00
-4.401500000000000412e+00
-4.401040000000000063e+00
-4.400760000000000005e+00
-4.400699999999999612e+00
-4.400640000000000107e+00
-4.400579999999999714e+00
-4.400430000000000064e+00
-4.400260000000000282e+00
-4.399949999999999584e+00
-4.399670000000000414e+00
-4.399689999999999657e+00
-4.399709999999999788e+00
-4.399709999999999788e+00
-4.399700000000000166e+00
-4.399689999999999657e+00
-4.399650000000000283e+00
-4.399359999999999715e+00
-4.399320000000000341e+00
-4.398970000000000269e+00
-4.398240000000000371e+00
-4.397300000000000431e+00
-4.397249999999999659e+00
-4.397219999999999906e+00
-4.397260000000000169e+00
-4.397339999999999804e+00
-4.397459999999999702e+00
-4.398119999999999585e+00
-4.398279999999999745e+00
-4.398450000000000415e+00
-4.398620000000000196e+00
-4.399289999999999701e+00
-4.399490000000000123e+00
-4.399759999999999671e+00
-4.399869999999999948e+00
-4.399919999999999831e+00
-4.399960000000000093e+00
-4.399939999999999962e+00
-4.399650000000000283e+00
-4.399519999999999875e+00
-4.399130000000000429e+00
-4.398880000000000123e+00
-4.398579999999999934e+00
-4.398399999999999643e+00
-4.398349999999999760e+00
-4.398139999999999716e+00
-4.397910000000000430e+00
-4.397850000000000037e+00
-4.397710000000000008e+00
-4.397599999999999731e+00
-4.397560000000000358e+00
-4.397569999999999979e+00
-4.397680000000000256e+00
-4.397750000000000270e+00
-4.397800000000000153e+00
-4.397859999999999658e+00
-4.397929999999999673e+00
-4.397969999999999935e+00
-4.397979999999999556e+00
-4.397999999999999687e+00
-4.397850000000000037e+00
-4.397730000000000139e+00
-4.397610000000000241e+00
-4.397470000000000212e+00
-4.397369999999999557e+00
-4.396740000000000315e+00
-4.394479999999999720e+00
-4.393550000000000288e+00
-4.393440000000000012e+00
-4.393340000000000245e+00
-4.393229999999999968e+00
-4.393089999999999939e+00
-4.392979999999999663e+00
-4.392859999999999765e+00
-4.392750000000000377e+00
-4.392599999999999838e+00
-4.392400000000000304e+00
-4.392190000000000261e+00
-4.391079999999999650e+00
-4.388340000000000352e+00
-4.387739999999999974e+00
-4.387139999999999596e+00
-4.387069999999999581e+00
-4.386409999999999698e+00
-4.386260000000000048e+00
-4.386120000000000019e+00
-4.385989999999999611e+00
-4.385860000000000092e+00
-4.385729999999999684e+00
-4.385609999999999786e+00
-4.385489999999999888e+00
-4.385369999999999990e+00
-4.385290000000000354e+00
-4.385189999999999699e+00
-4.385100000000000442e+00
-4.384990000000000165e+00
-4.384940000000000282e+00
-4.384839999999999627e+00
-4.384699999999999598e+00
-4.384570000000000078e+00
-4.384420000000000428e+00
-4.384249999999999758e+00
-4.384089999999999598e+00
-4.383720000000000283e+00
-4.382710000000000328e+00
-4.382150000000000212e+00
-4.381850000000000023e+00
-4.381599999999999717e+00
-4.381370000000000431e+00
-4.381219999999999892e+00
-4.381079999999999863e+00
-4.380980000000000096e+00
-4.380860000000000198e+00
-4.380749999999999922e+00
-4.380639999999999645e+00
-4.380550000000000388e+00
-4.380429999999999602e+00
-4.380340000000000344e+00
-4.380230000000000068e+00
-4.379940000000000389e+00
-4.379640000000000200e+00
-4.379389999999999894e+00
-4.379100000000000215e+00
-4.378949999999999676e+00
-4.378779999999999895e+00
-4.378650000000000375e+00
-4.378529999999999589e+00
-4.378420000000000201e+00
-4.378440000000000332e+00
-4.378440000000000332e+00
-4.378420000000000201e+00
-4.378379999999999939e+00
-4.378320000000000434e+00
-4.378269999999999662e+00
-4.378210000000000157e+00
-4.378330000000000055e+00
-4.378499999999999837e+00
-4.378860000000000419e+00
-4.379030000000000200e+00
-4.379069999999999574e+00
-4.379089999999999705e+00
-4.379089999999999705e+00
-4.378989999999999938e+00
-4.378960000000000186e+00
-4.378890000000000171e+00
-4.378930000000000433e+00
-4.378949999999999676e+00
-4.378960000000000186e+00
-4.378960000000000186e+00
-4.378949999999999676e+00
-4.378930000000000433e+00
-4.378899999999999793e+00
-4.378860000000000419e+00
-4.378860000000000419e+00
-4.378870000000000040e+00
-4.378890000000000171e+00
-4.378919999999999924e+00
-4.378930000000000433e+00
-4.378940000000000055e+00
-4.379030000000000200e+00
-4.379050000000000331e+00
-4.379059999999999953e+00
-4.379120000000000346e+00
-4.379170000000000229e+00
-4.379229999999999734e+00
-4.379299999999999748e+00
-4.379360000000000142e+00
-4.379550000000000054e+00
-4.379609999999999559e+00
-4.379690000000000083e+00
-4.379879999999999995e+00
-4.379979999999999762e+00
-4.380300000000000082e+00
-4.380349999999999966e+00
-4.380749999999999922e+00
-4.380849999999999689e+00
-4.381050000000000111e+00
-4.381179999999999630e+00
-4.381230000000000402e+00
-4.381359999999999921e+00
-4.381590000000000096e+00
-4.381630000000000358e+00
-4.381780000000000008e+00
-4.381929999999999659e+00
-4.381999999999999673e+00
-4.382049999999999557e+00
-4.382249999999999979e+00
-4.382439999999999891e+00
-4.382500000000000284e+00
-4.382539999999999658e+00
-4.382550000000000168e+00
-4.382629999999999804e+00
-4.382749999999999702e+00
-4.382880000000000109e+00
-4.383009999999999629e+00
-4.383119999999999905e+00
-4.383219999999999672e+00
-4.383289999999999687e+00
-4.383399999999999963e+00
-4.383449999999999847e+00
-4.383510000000000240e+00
-4.383569999999999744e+00
-4.383639999999999759e+00
-4.383720000000000283e+00
-4.383750000000000036e+00
-4.383799999999999919e+00
-4.383880000000000443e+00
-4.383989999999999831e+00
-4.384079999999999977e+00
-4.384140000000000370e+00
-4.384199999999999875e+00
-4.384260000000000268e+00
-4.384299999999999642e+00
-4.384380000000000166e+00
-4.384459999999999802e+00
-4.384520000000000195e+00
-4.384549999999999947e+00
-4.384549999999999947e+00
-4.384549999999999947e+00
-4.384520000000000195e+00
-4.384490000000000443e+00
-4.384450000000000180e+00
-4.384439999999999671e+00
-4.384450000000000180e+00
-4.384479999999999933e+00
-4.384509999999999685e+00
-4.384549999999999947e+00
-4.384599999999999831e+00
-4.384669999999999845e+00
-4.384780000000000122e+00
-4.384949999999999903e+00
-4.385110000000000063e+00
-4.385410000000000252e+00
-4.385530000000000150e+00
-4.385640000000000427e+00
-4.385769999999999946e+00
-4.385860000000000092e+00
-4.385950000000000237e+00
-4.386050000000000004e+00
-4.386779999999999902e+00
-4.386870000000000047e+00
-4.386949999999999683e+00
-4.387050000000000338e+00
-4.387150000000000105e+00
-4.387249999999999872e+00
-4.387360000000000149e+00
-4.387590000000000323e+00
-4.387719999999999843e+00
-4.387830000000000119e+00
-4.387950000000000017e+00
-4.388069999999999915e+00
-4.388200000000000323e+00
-4.388309999999999711e+00
-4.388709999999999667e+00
-4.388799999999999812e+00
-4.389100000000000001e+00
-4.389330000000000176e+00
-4.389579999999999593e+00
-4.390019999999999811e+00
-4.390170000000000350e+00
-4.390360000000000262e+00
-4.390460000000000029e+00
-4.390600000000000058e+00
-4.390760000000000218e+00
-4.390920000000000378e+00
-4.391110000000000291e+00
-4.391659999999999897e+00
-4.391820000000000057e+00
-4.391969999999999708e+00
-4.392100000000000115e+00
-4.392229999999999634e+00
-4.392339999999999911e+00
-4.392450000000000188e+00
-4.392549999999999955e+00
-4.392660000000000231e+00
-4.392780000000000129e+00
-4.392929999999999779e+00
-4.393060000000000187e+00
-4.393169999999999575e+00
-4.393290000000000362e+00
-4.393399999999999750e+00
-4.393510000000000026e+00
-4.393620000000000303e+00
-4.393830000000000346e+00
-4.394050000000000011e+00
-4.394169999999999909e+00
-4.394300000000000317e+00
-4.394379999999999953e+00
-4.394440000000000346e+00
-4.394499999999999851e+00
-4.394549999999999734e+00
-4.394669999999999632e+00
-4.394929999999999559e+00
-4.395030000000000214e+00
-4.395100000000000229e+00
-4.395170000000000243e+00
-4.395260000000000389e+00
-4.395310000000000272e+00
-4.395369999999999777e+00
-4.395430000000000170e+00
-4.395520000000000316e+00
-4.395629999999999704e+00
-4.395739999999999981e+00
-4.395859999999999879e+00
-4.395999999999999908e+00
-4.396160000000000068e+00
-4.396410000000000373e+00
-4.396620000000000417e+00
-4.396799999999999820e+00
-4.396930000000000227e+00
-4.397070000000000256e+00
-4.397230000000000416e+00
-4.397380000000000067e+00
-4.397560000000000358e+00
-4.397859999999999658e+00
-4.398520000000000429e+00
-4.398979999999999890e+00
-4.399119999999999919e+00
-4.399250000000000327e+00
-4.399329999999999963e+00
-4.399409999999999599e+00
-4.399499999999999744e+00
-4.399610000000000021e+00
-4.399729999999999919e+00
-4.399829999999999686e+00
-4.399939999999999962e+00
-4.400039999999999729e+00
-4.400120000000000253e+00
-4.400190000000000268e+00
-4.400240000000000151e+00
-4.400290000000000035e+00
-4.400319999999999787e+00
-4.400339999999999918e+00
-4.400360000000000049e+00
-4.400380000000000180e+00
-4.400409999999999933e+00
-4.400450000000000195e+00
-4.400500000000000078e+00
-4.400649999999999729e+00
-4.400929999999999787e+00
-4.400979999999999670e+00
-4.401049999999999685e+00
-4.401110000000000078e+00
-4.401180000000000092e+00
-4.401270000000000238e+00
-4.401370000000000005e+00
-4.401570000000000427e+00
-4.401869999999999727e+00
-4.402129999999999654e+00
-4.402389999999999581e+00
-4.402519999999999989e+00
-4.402619999999999756e+00
-4.402739999999999654e+00
-4.402849999999999930e+00
-4.402919999999999945e+00
-4.402969999999999828e+00
-4.403010000000000090e+00
-4.403039999999999843e+00
-4.403069999999999595e+00
-4.403100000000000236e+00
-4.403139999999999610e+00
-4.403190000000000381e+00
-4.403249999999999886e+00
-4.403319999999999901e+00
-4.403419999999999668e+00
-4.403539999999999566e+00
-4.403669999999999973e+00
-4.403850000000000264e+00
-4.404049999999999798e+00
-4.404200000000000337e+00
-4.404359999999999609e+00
-4.404510000000000147e+00
-4.404910000000000103e+00
-4.405310000000000059e+00
-4.405509999999999593e+00
-4.405710000000000015e+00
-4.405890000000000306e+00
-4.406030000000000335e+00
-4.406259999999999621e+00
-4.406769999999999854e+00
-4.407259999999999955e+00
-4.407530000000000392e+00
-4.407729999999999926e+00
-4.407910000000000217e+00
-4.408089999999999620e+00
-4.408260000000000289e+00
-4.408489999999999576e+00
-4.408870000000000289e+00
-4.409189999999999721e+00
-4.409370000000000012e+00
-4.409600000000000186e+00
-4.409749999999999837e+00
-4.409959999999999880e+00
-4.410110000000000419e+00
-4.410300000000000331e+00
-4.410449999999999982e+00
-4.410660000000000025e+00
-4.410969999999999835e+00
-4.411131000000000135e+00
